20160108,3259302708,63374750,1,15934704,871418,1,0,1,11,2,0,0,0,0,0,0,0,0,1,0,3,6,40406,404,4,0,0,0,0,0,0,0,0,0,1,5,19,2,0,0,0,0,0,0,0,0,8,0,1,1,-1,-1,-1,-1,-1,-1,-1,\N,\N,\N,\N,\N,\N,\N,\N,\N,\N,\N,\N,\N,\N,\N,\N,\N
20160108,8592091,64314911,0,18157433,1226424,0,1,5,19,2,3,0,1,0,1,0,0,0,182,11,1,1,0,0,0,0,0,0,6,75,168,41,27,0,2,5,19,2,0,0,0,1,0,0,0,0,8,8,2,2,0,0,0,0,0,0,0,\N,\N,\N,\N,\N,\N,\N,\N,\N,\N,\N,\N,\N,\N,\N,\N,\N
20160108,3319292982,64253253,0,18000773,999867,1,2,4,28,5,0,0,0,0,0,0,0,0,8,5,1,15,0,0,0,0,0,0,0,0,0,0,0,0,0,1,19,5,0,0,0,0,0,0,0,0,9,0,2,1,-1,-1,-1,-1,-1,-1,-1,\N,\N,\N,\N,\N,\N,\N,\N,\N,\N,\N,\N,\N,\N,\N,\N,\N
20160108,10422685,63834484,0,17189388,1135021,0,1,4,17,3,0,1,1,0,0,0,1,0,100,9,1,22,0,0,0,0,0,0,6,0,0,0,0,0,1,6,19,2,0,0,0,0,0,0,0,0,9,8,2,1,3,3,3,0,0,0,0,3,1,2,3,4,5,6,7,8,9,10,11,12,13,14,15,16
20160108,3317786246,64218918,1,17891356,1057844,0,2,4,20,5,0,0,0,0,0,0,0,0,22,1,1,9,4,0,0,0,0,0,0,0,0,0,0,0,2,5,0,5,0,0,0,1,0,0,0,0,8,0,2,1,220,23,53,118,0,0,0,44,2,6,6,8,10,12,14,16,18,20,22,24,26,28,30,32
20160108,3316671998,64315561,0,18159074,314820,0,1,4,28,5,0,0,0,0,0,0,0,0,45,3,1,12,0,0,0,0,0,0,0,0,0,0,0,0,1,4,19,5,0,0,1,0,0,1,0,0,9,8,3,3,0,0,4,0,0,0,0,\N,\N,\N,\N,\N,\N,\N,\N,\N,\N,\N,\N,\N,\N,\N,\N,\N
20160108,10709786,63314799,1,15755210,231086,0,1,5,22,2,5,1,0,0,0,0,0,0,390,6,5,6,610,605,6,0,0,0,67,154,30,68,79,0,1,6,19,2,0,1,0,0,0,0,1,0,9,8,3,2,0,0,0,0,0,0,0,0,209,8,10,16,20,33,23,32,36,40,44,48,52,56,60,64
20160108,11333085,64385948,1,18281453,1167692,0,1,3,17,5,5,1,0,0,0,0,0,0,141,7,1,25,0,0,0,0,0,0,0,0,0,0,0,0,0,0,0,0,0,0,0,0,0,0,0,0,0,0,0,0,34,34,26,34,0,0,0,\N,\N,\N,\N,\N,\N,\N,\N,\N,\N,\N,\N,\N,\N,\N,\N,\N
20160108,12039192,64235303,0,17917634,157879,1,1,8,19,2,0,0,0,0,0,0,0,0,34,1,1,25,0,0,0,0,0,0,0,0,0,0,0,0,1,5,19,2,0,0,0,0,0,0,0,0,9,8,3,3,538,30,19,435,0,0,0,\N,\N,\N,\N,\N,\N,\N,\N,\N,\N,\N,\N,\N,\N,\N,\N,\N
20160108,3265069622,64330582,0,18195088,539764,0,2,3,20,2,0,0,0,0,0,0,0,0,24,17,1,4,40515,405,4,0,0,0,0,0,0,0,0,0,2,4,0,2,0,0,0,0,0,0,0,0,9,8,1,3,15,2,38,0,0,0,0,36,3,9,9,12,11,18,21,24,27,30,33,36,39,42,45,48
20160108,12184479,63834484,1,17189388,1135021,0,1,6,9,2,2,0,0,0,0,0,0,0,148,10,1,2,40505,402,405,4,0,0,88,150,42,186,175,0,1,6,19,2,0,0,0,0,0,0,0,0,9,8,2,1,-1,-1,-1,-1,-1,-1,-1,\N,\N,\N,\N,\N,\N,\N,\N,\N,\N,\N,\N,\N,\N,\N,\N,\N
20160108,3309970169,63839232,1,17213582,23670,1,1,3,3,2,0,0,0,0,0,0,0,0,1,0,1,2,0,0,0,0,0,0,0,0,0,0,0,0,1,3,19,2,0,0,0,0,0,0,0,0,9,8,1,1,-1,-1,-1,-1,-1,-1,-1,\N,\N,\N,\N,\N,\N,\N,\N,\N,\N,\N,\N,\N,\N,\N,\N,\N
20160108,12568285,64354826,0,18230656,358518,1,1,7,20,2,4,0,0,0,0,0,0,0,29,2,2,4,40505,1702,405,17,4,0,54,0,0,0,0,0,0,0,0,0,0,0,0,0,0,0,0,0,0,0,0,0,-1,-1,-1,-1,-1,-1,-1,0,9,12,33,16,20,24,27,32,36,40,44,48,52,56,60,64
20160108,3148196184,64303534,0,18137509,672458,0,2,3,17,2,0,0,0,0,0,0,0,0,133,27,1,30,0,0,0,0,0,0,0,0,0,0,0,0,0,0,0,0,0,0,0,0,0,0,0,0,0,0,0,0,173,173,81,100,0,0,0,26,1,2,3,4,5,6,7,8,9,10,11,12,13,14,15,16
20160108,15472479,63374750,0,15934704,871418,1,1,5,5,2,3,1,1,0,0,0,0,0,200,2,1,1,40505,405,4,0,0,0,0,0,0,0,0,0,1,5,19,2,0,0,0,0,0,0,0,0,8,0,1,1,0,0,0,0,0,0,0,\N,\N,\N,\N,\N,\N,\N,\N,\N,\N,\N,\N,\N,\N,\N,\N,\N
20160108,15684574,63987725,0,17556259,490143,0,1,5,19,2,3,1,1,0,0,0,0,0,644,17,2,21,605,6,0,0,0,0,99,95,101,27,87,0,1,5,0,2,0,1,0,0,0,0,0,0,10,8,3,3,18,18,2,16,0,0,0,1,1,2,3,4,5,6,7,8,9,10,11,12,13,14,15,16
20160108,3148572955,64163368,0,17817113,966154,0,2,3,18,3,0,0,0,0,0,0,0,0,94,8,1,5,0,0,0,0,0,0,129,125,179,100,89,0,2,5,19,1,0,0,0,0,0,0,0,0,8,0,1,1,-1,-1,-1,-1,-1,-1,-1,\N,\N,\N,\N,\N,\N,\N,\N,\N,\N,\N,\N,\N,\N,\N,\N,\N
20160108,3300729179,63351520,0,15867163,376136,0,1,3,18,2,0,0,0,0,0,0,0,0,29,3,1,11,0,0,0,0,0,0,0,0,0,0,0,0,0,0,0,0,0,0,0,0,0,0,0,0,0,0,0,0,-1,-1,-1,-1,-1,-1,-1,\N,\N,\N,\N,\N,\N,\N,\N,\N,\N,\N,\N,\N,\N,\N,\N,\N
20160108,3272818735,64178514,0,17837390,24439,0,1,4,20,5,0,0,0,0,0,0,0,0,52,0,1,1,0,0,0,0,0,0,0,0,0,0,0,0,1,4,19,5,0,0,0,0,0,0,0,0,9,0,2,1,-1,-1,-1,-1,-1,-1,-1,\N,\N,\N,\N,\N,\N,\N,\N,\N,\N,\N,\N,\N,\N,\N,\N,\N
20160108,17020732,62929553,0,15046790,766704,2,1,5,19,1,5,0,0,0,0,0,0,0,142,13,1,9,40405,404,4,0,0,0,0,0,0,0,0,0,1,8,8,2,0,0,0,0,0,0,1,1,8,0,1,1,-1,-1,-1,-1,-1,-1,-1,\N,\N,\N,\N,\N,\N,\N,\N,\N,\N,\N,\N,\N,\N,\N,\N,\N
20160108,839690876,63476117,1,16289577,539764,0,1,4,14,2,5,1,0,0,0,0,0,0,171,36,2,25,40406,404,805,4,8,0,68,136,30,42,25,0,1,4,19,2,0,0,0,0,0,0,0,0,9,8,3,2,45,13,9,20,3,2,0,0,1,2,3,4,5,6,7,8,9,10,11,12,13,14,15,16
20160108,18553144,60628061,1,12375842,30029,0,1,5,19,2,5,0,0,0,0,0,0,0,69,18,1,7,40505,40517,405,605,4,6,117,186,0,0,0,0,1,5,19,2,0,0,0,0,0,0,0,0,9,8,2,1,0,0,1,0,0,0,0,1,1,2,3,4,5,6,7,8,9,10,11,12,13,14,15,16
20160108,3192584595,62300285,1,14303289,468428,1,0,1,18,2,0,0,0,0,0,0,0,0,9,0,2,22,40519,40506,405,804,4,8,0,0,0,0,0,0,2,9,3,2,0,0,0,0,0,0,0,0,3,1,1,2,-1,-1,-1,-1,-1,-1,-1,\N,\N,\N,\N,\N,\N,\N,\N,\N,\N,\N,\N,\N,\N,\N,\N,\N
20160108,3295846493,64106224,1,17741868,384289,0,0,8,6,2,0,0,0,0,0,0,0,0,16,3,4,17,40516,40519,1702,1201,1401,2201,0,0,0,0,0,0,1,6,19,2,0,0,0,1,0,0,0,0,8,8,1,1,0,0,6,0,0,0,0,12,1,2,3,4,5,6,7,8,9,10,11,12,13,14,15,16
20160108,3267757944,64034156,0,17647546,468428,1,0,0,0,2,0,0,0,0,0,0,0,0,0,0,1,1,0,0,0,0,0,0,0,0,0,0,0,0,0,8,3,2,0,0,0,0,0,0,0,0,3,0,1,2,-1,-1,-1,-1,-1,-1,-1,\N,\N,\N,\N,\N,\N,\N,\N,\N,\N,\N,\N,\N,\N,\N,\N,\N
20160108,3294486837,61219138,0,13047037,715368,0,2,3,18,2,0,0,0,0,0,0,0,0,80,1,3,13,40512,1702,405,17,4,0,0,0,0,0,0,0,2,2,0,2,0,0,0,0,0,0,0,0,8,8,1,1,1,1,20,1,0,0,0,2,1,2,3,4,5,6,7,8,9,10,11,12,13,14,15,16
20160108,3294290192,64358406,1,18235938,564703,1,1,4,3,2,0,0,0,0,0,0,0,0,1,1,1,5,40516,40511,1702,1603,1401,1201,0,0,0,0,0,0,1,5,19,2,0,0,0,1,0,0,0,0,9,8,3,2,-1,-1,-1,-1,-1,-1,-1,\N,\N,\N,\N,\N,\N,\N,\N,\N,\N,\N,\N,\N,\N,\N,\N,\N
20160108,3272835134,61844554,1,13749915,24439,0,2,5,15,2,0,0,0,0,0,0,0,0,19,1,1,2,801,8,4,0,0,0,0,0,0,0,0,0,2,8,19,2,0,0,0,0,0,0,0,0,3,0,3,1,-1,-1,-1,-1,-1,-1,-1,\N,\N,\N,\N,\N,\N,\N,\N,\N,\N,\N,\N,\N,\N,\N,\N,\N
20160108,19758142,63989495,0,17558855,1125721,0,1,5,3,2,2,1,1,0,0,0,0,0,446,24,1,8,3502,35,10,0,0,0,67,119,154,166,5,0,1,8,0,2,0,0,0,0,0,0,0,0,9,8,1,1,0,0,0,0,0,0,0,0,48,22,25,36,45,55,67,72,81,90,91,97,105,126,135,144
20160108,20057778,62929553,0,15046790,766704,0,1,6,3,2,3,1,0,0,0,0,0,0,282,35,1,7,40512,405,4,0,0,0,106,181,197,67,30,0,1,8,8,2,0,0,0,0,0,0,1,1,8,0,1,1,0,0,0,0,0,0,0,\N,\N,\N,\N,\N,\N,\N,\N,\N,\N,\N,\N,\N,\N,\N,\N,\N
20160108,20103473,64162477,0,17815893,1135021,0,1,5,16,5,0,1,1,0,0,0,0,0,14,1,1,5,301,3,0,0,0,0,0,0,0,0,0,0,1,6,19,2,0,0,0,0,0,0,0,0,8,0,2,1,0,0,0,0,0,0,0,\N,\N,\N,\N,\N,\N,\N,\N,\N,\N,\N,\N,\N,\N,\N,\N,\N
20160108,20660154,63939872,0,17418875,159625,2,1,7,12,2,2,1,0,0,0,0,0,0,297,28,1,2,301,902,3,9,0,0,0,0,0,0,0,0,1,7,19,2,0,1,0,0,0,0,0,1,8,8,2,1,0,0,0,0,0,0,0,\N,\N,\N,\N,\N,\N,\N,\N,\N,\N,\N,\N,\N,\N,\N,\N,\N
20160108,20816566,63533028,1,16432134,93586,0,1,5,25,5,4,1,1,0,0,0,0,0,445,9,1,8,1702,17,10,0,0,0,154,88,197,30,103,0,1,5,19,5,0,0,0,0,0,0,0,0,9,8,1,1,234,105,76,212,0,0,0,12,1,2,3,4,5,6,7,8,9,10,11,12,13,14,15,16
20160108,3191224479,64276425,1,18079798,139262,3,2,1,27,2,0,0,0,0,0,0,0,0,18,1,2,8,40505,405,804,4,8,0,0,0,0,0,0,0,2,5,0,2,0,0,0,0,0,0,0,0,9,0,3,2,0,0,7,0,0,0,0,2,1,2,3,4,5,6,7,8,9,10,11,12,13,14,15,16
20160108,3287803492,64154819,1,17806085,539764,1,2,3,5,5,0,0,0,0,0,0,0,0,19,0,1,12,0,0,0,0,0,0,0,0,0,0,0,0,2,3,19,5,0,0,0,0,0,0,0,0,9,8,1,2,-1,-1,-1,-1,-1,-1,-1,\N,\N,\N,\N,\N,\N,\N,\N,\N,\N,\N,\N,\N,\N,\N,\N,\N
20160108,20915378,63262207,0,15616305,737617,0,1,5,19,2,0,1,1,0,0,0,0,0,245,6,3,12,1204,12,0,0,0,0,0,0,0,0,0,0,1,5,19,2,0,0,0,0,0,0,0,0,9,8,3,2,0,0,0,0,0,0,0,\N,\N,\N,\N,\N,\N,\N,\N,\N,\N,\N,\N,\N,\N,\N,\N,\N
20160108,23096368,63898646,0,17352709,384289,0,1,4,16,2,0,1,1,0,0,0,1,0,601,54,1,10,0,0,0,0,0,0,0,0,0,0,0,0,1,6,8,2,0,0,0,0,0,0,0,0,8,0,1,1,0,0,0,0,0,0,0,\N,\N,\N,\N,\N,\N,\N,\N,\N,\N,\N,\N,\N,\N,\N,\N,\N
20160108,3273770681,63757348,0,16992227,1125721,1,0,1,6,2,0,0,0,0,0,0,0,0,8,1,1,1,40512,405,4,0,0,0,0,0,0,0,0,0,1,7,19,2,0,0,0,0,0,0,0,0,8,0,1,1,-1,-1,-1,-1,-1,-1,-1,\N,\N,\N,\N,\N,\N,\N,\N,\N,\N,\N,\N,\N,\N,\N,\N,\N
20160108,3285819980,63719519,1,16902562,139262,1,2,4,6,5,0,0,0,0,0,0,0,0,0,0,1,19,0,0,0,0,0,0,0,0,0,0,0,0,2,5,19,5,0,0,0,1,0,0,0,0,8,8,2,1,-1,-1,-1,-1,-1,-1,-1,\N,\N,\N,\N,\N,\N,\N,\N,\N,\N,\N,\N,\N,\N,\N,\N,\N
20160108,3189160761,64239748,0,17929290,406965,0,2,2,19,2,0,0,0,0,0,0,0,0,64,16,1,17,40516,40506,40515,405,906,4,0,0,0,0,0,0,2,2,0,2,0,0,0,0,0,0,0,0,0,8,1,3,0,0,1,0,0,0,0,\N,\N,\N,\N,\N,\N,\N,\N,\N,\N,\N,\N,\N,\N,\N,\N,\N
20160108,23570237,63948369,1,17437104,450156,0,2,5,17,2,6,0,0,1,0,0,0,0,417,14,1,4,3502,2404,2302,101,35,24,0,0,0,0,0,0,2,5,19,2,0,0,0,0,0,0,0,0,8,8,2,1,-1,-1,-1,-1,-1,-1,-1,\N,\N,\N,\N,\N,\N,\N,\N,\N,\N,\N,\N,\N,\N,\N,\N,\N
20160108,3187130050,64337611,0,18207149,1139924,0,1,1,25,5,0,0,0,0,0,0,0,0,77,1,1,14,40406,1703,404,17,4,0,0,0,0,0,0,0,1,5,19,1,0,0,0,0,0,0,0,0,9,8,1,1,-1,-1,-1,-1,-1,-1,-1,\N,\N,\N,\N,\N,\N,\N,\N,\N,\N,\N,\N,\N,\N,\N,\N,\N
20160108,392771008,64332040,0,18198910,23670,0,1,4,3,5,0,1,0,0,1,0,0,0,248,6,1,25,40517,405,4,0,0,0,0,0,0,0,0,0,1,4,19,5,0,1,1,0,0,1,0,0,9,8,2,3,109,43,112,15,0,0,0,90,2,7,6,8,10,12,14,16,18,20,22,24,26,28,30,32
20160108,24352954,64160710,0,17813665,57744,0,1,4,23,5,2,1,0,0,1,0,0,0,175,6,1,1,302,3,0,0,0,0,0,0,0,0,0,0,1,4,19,2,0,1,1,0,1,1,1,0,9,8,1,2,196,0,2,196,0,0,0,\N,\N,\N,\N,\N,\N,\N,\N,\N,\N,\N,\N,\N,\N,\N,\N,\N
20160108,3280496520,63760605,1,16997651,24439,0,2,4,10,3,0,0,0,0,0,0,0,0,80,13,1,3,40512,405,4,0,0,0,0,0,0,0,0,0,2,4,19,5,0,0,0,1,0,0,0,0,9,8,2,1,91,71,62,45,0,0,0,71,16,7,9,12,15,18,21,24,27,30,33,36,39,42,45,48
20160108,3279873742,63672241,1,16799899,60822,0,1,3,20,2,0,0,0,0,0,0,0,0,60,5,1,5,40406,40407,404,4,0,0,0,0,0,0,0,0,1,3,0,2,0,0,0,0,0,0,0,0,9,8,1,3,0,0,13,0,0,0,0,7,1,2,3,4,5,6,7,8,9,10,11,12,13,14,15,16
20160108,3151128819,59160662,1,10620300,23670,0,2,7,8,3,0,0,0,0,0,0,0,0,9,1,1,2,0,0,0,0,0,0,0,0,0,0,0,0,2,5,19,3,0,0,0,0,0,0,0,0,0,0,1,1,-1,-1,-1,-1,-1,-1,-1,\N,\N,\N,\N,\N,\N,\N,\N,\N,\N,\N,\N,\N,\N,\N,\N,\N
20160108,3151818174,64335135,0,18203643,30110,0,2,3,20,3,0,0,0,0,0,0,0,0,76,11,1,13,0,0,0,0,0,0,0,0,0,0,0,0,2,4,0,3,0,0,0,0,0,0,0,0,9,8,1,3,37,17,173,1,0,0,0,173,1,2,3,4,5,6,7,8,9,10,11,12,13,14,15,16
20160108,3274114498,64324933,1,18187162,1146751,0,2,3,24,3,0,0,0,0,0,0,0,0,63,13,1,6,40510,405,4,0,0,0,0,0,0,0,0,0,1,3,0,3,0,0,0,0,0,0,0,0,10,8,1,3,0,0,1,0,0,0,0,\N,\N,\N,\N,\N,\N,\N,\N,\N,\N,\N,\N,\N,\N,\N,\N,\N
20160108,3274908615,64372712,0,18257540,314820,0,1,4,18,4,0,0,0,0,0,0,0,0,90,6,1,19,0,0,0,0,0,0,0,0,0,0,0,0,0,0,0,0,0,0,0,0,0,0,0,0,0,0,0,0,2,2,2,1,0,0,0,1,1,2,3,4,5,6,7,8,9,10,11,12,13,14,15,16
20160108,3274131425,64218918,1,17891356,1057844,0,2,3,6,5,0,0,0,0,0,0,0,0,50,16,2,4,40515,40512,40505,405,804,4,0,0,0,0,0,0,2,5,0,5,0,0,0,1,0,0,0,0,8,0,2,1,-1,-1,-1,-1,-1,-1,-1,\N,\N,\N,\N,\N,\N,\N,\N,\N,\N,\N,\N,\N,\N,\N,\N,\N
20160108,3180509582,64311859,0,18151286,363643,0,2,4,8,2,0,0,0,0,0,0,0,0,55,16,2,15,40512,40505,405,4,0,0,0,0,0,0,0,0,2,5,0,2,0,0,0,0,0,0,0,0,9,8,1,1,0,0,3,0,0,0,0,\N,\N,\N,\N,\N,\N,\N,\N,\N,\N,\N,\N,\N,\N,\N,\N,\N
20160108,3274131425,64218918,1,17891356,1057844,0,2,3,6,5,0,0,0,0,0,0,0,0,50,16,3,6,40515,40512,40505,405,804,4,0,0,0,0,0,0,2,5,0,5,0,0,0,1,0,0,0,0,8,0,2,1,-1,-1,-1,-1,-1,-1,-1,\N,\N,\N,\N,\N,\N,\N,\N,\N,\N,\N,\N,\N,\N,\N,\N,\N
20160108,3275424227,64344181,1,18216785,1057844,0,2,5,27,5,0,0,0,0,0,0,0,0,46,14,4,7,40505,801,405,8,4,0,0,0,0,0,0,0,2,5,19,5,0,0,0,1,0,0,0,0,9,8,2,1,0,0,21,0,0,0,0,18,1,2,3,4,5,6,7,8,9,10,11,12,13,14,15,16
20160108,3177217781,63468707,1,16263334,311418,0,1,3,19,2,0,0,0,0,0,0,0,0,54,3,4,19,1703,1204,3504,404,17,12,0,0,0,0,0,0,0,0,0,0,0,0,0,0,0,0,0,0,0,0,0,0,4,4,98,0,0,0,0,83,1,2,3,4,5,6,7,8,9,10,11,12,13,14,15,16
20160108,3267175347,63374750,0,15934704,871418,0,1,4,7,5,0,0,0,0,0,0,0,0,73,0,1,9,40517,405,4,0,0,0,0,0,0,0,0,0,1,5,19,2,0,0,0,0,0,0,0,0,8,0,1,1,0,0,1,0,0,0,0,\N,\N,\N,\N,\N,\N,\N,\N,\N,\N,\N,\N,\N,\N,\N,\N,\N
20160108,3266617819,64155114,0,17806474,1146751,1,2,4,3,4,0,0,0,0,0,0,0,0,0,0,3,24,40505,2601,805,801,405,26,0,0,0,0,0,0,0,1,0,3,0,0,0,0,0,0,0,0,0,0,1,1,-1,-1,-1,-1,-1,-1,-1,\N,\N,\N,\N,\N,\N,\N,\N,\N,\N,\N,\N,\N,\N,\N,\N,\N
20160108,24762047,64248158,0,17980852,1095295,1,1,6,13,2,5,1,0,0,0,0,0,1,60,2,1,2,40503,405,4,0,0,0,0,0,0,0,0,0,2,5,0,2,0,0,0,1,0,0,0,0,9,8,1,1,0,0,0,0,0,0,0,0,1,12,3,4,5,6,7,8,9,10,11,12,13,14,15,16
20160108,25957556,63509442,0,16369205,405491,0,2,6,8,2,4,1,0,0,0,0,0,1,187,6,1,17,1002,10,0,0,0,0,67,24,5,0,0,0,2,8,19,2,0,0,0,0,0,0,0,0,8,0,1,1,0,0,0,0,0,0,0,\N,\N,\N,\N,\N,\N,\N,\N,\N,\N,\N,\N,\N,\N,\N,\N,\N
20160108,3263522216,64016358,0,17612868,1009799,0,1,4,18,4,0,0,0,0,0,0,0,0,28,2,1,20,40517,40503,40403,40510,40512,405,0,0,0,0,0,0,1,4,19,2,0,1,1,0,0,0,0,0,10,8,1,2,1259,331,89,1055,0,0,0,13,1,2,3,4,5,6,7,8,9,10,11,12,13,14,15,16
20160108,28118578,64364497,0,18244853,23670,0,2,6,20,5,3,0,0,1,0,0,0,0,360,18,1,17,40521,405,4,0,0,0,92,154,40,5,28,0,0,0,0,0,0,0,0,0,0,0,0,0,0,0,0,0,0,0,0,0,0,0,0,\N,\N,\N,\N,\N,\N,\N,\N,\N,\N,\N,\N,\N,\N,\N,\N,\N
20160108,3176200234,61002382,0,12800934,450156,0,2,3,1,5,0,0,0,0,0,0,0,0,157,10,1,25,40516,405,4,0,0,0,0,0,0,0,0,0,2,4,19,5,0,0,0,0,0,0,0,0,9,8,2,1,5,5,10,5,0,0,0,\N,\N,\N,\N,\N,\N,\N,\N,\N,\N,\N,\N,\N,\N,\N,\N,\N
20160108,30066744,63981512,1,17546642,1070086,0,1,5,21,2,3,1,1,0,0,0,0,0,351,10,1,9,0,0,0,0,0,0,0,0,0,0,0,0,1,6,8,2,0,1,0,1,1,0,0,0,9,8,1,1,52,52,15,52,0,0,0,\N,\N,\N,\N,\N,\N,\N,\N,\N,\N,\N,\N,\N,\N,\N,\N,\N
20160108,31444273,64149719,1,17799354,871418,0,1,6,8,5,0,0,0,0,0,0,1,0,582,24,1,10,104,1,0,0,0,0,164,0,0,0,0,0,1,6,0,2,0,0,0,0,0,0,0,0,8,0,2,1,0,0,0,0,0,0,0,0,7,8,28,16,20,24,28,32,36,34,44,48,52,56,60,64
20160108,3258016574,64312815,0,18153116,33786,1,0,1,16,2,0,0,0,0,0,0,0,0,12,1,1,14,40505,40406,40517,40403,405,404,0,0,0,0,0,0,1,8,0,2,0,0,0,0,0,0,0,0,0,0,1,1,-1,-1,-1,-1,-1,-1,-1,\N,\N,\N,\N,\N,\N,\N,\N,\N,\N,\N,\N,\N,\N,\N,\N,\N
20160108,32653754,64162477,1,17815893,1135021,0,1,6,1,2,0,0,0,0,0,0,0,0,39,2,1,7,40408,404,4,0,0,0,79,0,0,0,0,0,1,6,19,2,0,0,0,0,0,0,0,0,8,0,2,1,-1,-1,-1,-1,-1,-1,-1,\N,\N,\N,\N,\N,\N,\N,\N,\N,\N,\N,\N,\N,\N,\N,\N,\N
20160108,840231649,64332040,0,18198910,23670,0,1,4,6,5,2,1,1,0,0,0,0,0,222,14,1,21,101,1,0,0,0,0,79,68,74,27,46,0,1,4,19,5,0,1,1,0,0,1,0,0,9,8,2,3,2,2,6,0,0,0,0,1,1,2,3,4,5,6,7,8,9,10,11,12,13,14,15,16
20160108,3257279959,63671352,0,16798457,539764,0,2,2,11,2,0,0,0,0,0,0,0,0,14,2,1,1,0,0,0,0,0,0,0,0,0,0,0,0,2,2,19,2,0,0,0,0,0,0,0,0,8,8,2,2,-1,-1,-1,-1,-1,-1,-1,\N,\N,\N,\N,\N,\N,\N,\N,\N,\N,\N,\N,\N,\N,\N,\N,\N
20160108,3255591711,64324933,0,18187162,1146751,0,2,3,27,4,0,0,0,0,0,0,0,0,33,9,1,8,0,0,0,0,0,0,0,0,0,0,0,0,1,3,0,3,0,0,0,0,0,0,0,0,9,8,1,3,0,0,0,0,0,0,0,\N,\N,\N,\N,\N,\N,\N,\N,\N,\N,\N,\N,\N,\N,\N,\N,\N
20160108,33444661,64328872,0,18192713,2242823487,1,2,6,18,2,0,0,0,0,0,0,0,0,32,1,1,3,40512,40405,405,404,4,0,0,0,0,0,0,0,2,6,19,2,0,0,0,0,0,0,0,0,8,0,2,1,-1,-1,-1,-1,-1,-1,-1,0,10,4,17,8,10,12,14,16,18,20,22,24,26,28,30,32
20160108,3254789892,63675102,0,16804310,490143,0,1,5,24,2,0,0,0,0,0,0,0,0,22,1,1,10,0,0,0,0,0,0,0,0,0,0,0,0,1,7,19,2,0,1,0,0,0,0,1,0,8,0,2,1,0,0,0,0,0,0,0,\N,\N,\N,\N,\N,\N,\N,\N,\N,\N,\N,\N,\N,\N,\N,\N,\N
20160108,3276474242,64402269,0,18307777,50259,0,2,5,20,4,0,0,0,0,0,0,0,0,6,0,4,8,801,805,804,8,0,0,0,0,0,0,0,0,0,0,0,0,0,0,0,0,0,0,0,0,0,0,0,0,-1,-1,-1,-1,-1,-1,-1,\N,\N,\N,\N,\N,\N,\N,\N,\N,\N,\N,\N,\N,\N,\N,\N,\N
20160108,3278668869,64303534,0,18137509,672458,0,2,3,10,2,0,0,0,0,0,0,0,0,71,13,1,10,0,0,0,0,0,0,0,0,0,0,0,0,0,0,0,0,0,0,0,0,0,0,0,0,0,0,0,0,0,0,1,0,0,0,0,\N,\N,\N,\N,\N,\N,\N,\N,\N,\N,\N,\N,\N,\N,\N,\N,\N
20160108,2516707829,62287337,0,14286994,139262,0,2,5,18,2,0,0,0,0,0,0,0,0,5,0,1,11,0,0,0,0,0,0,0,0,0,0,0,0,2,6,19,2,0,1,0,1,0,0,0,0,9,8,2,2,-1,-1,-1,-1,-1,-1,-1,\N,\N,\N,\N,\N,\N,\N,\N,\N,\N,\N,\N,\N,\N,\N,\N,\N
20160108,3247629061,63997397,1,17571704,285665,0,2,3,18,2,0,0,0,0,0,0,0,0,51,2,6,17,40512,40501,40516,40505,405,4,0,0,0,0,0,0,2,2,0,2,0,0,0,0,0,0,0,0,8,8,2,2,9,9,12,5,0,0,0,9,1,2,3,4,5,6,7,8,9,10,11,12,13,14,15,16
20160108,3247104547,64289272,0,18109752,88651,0,0,1,19,5,0,0,0,0,0,0,0,0,12,0,1,2,1204,12,0,0,0,0,0,0,0,0,0,0,1,5,19,2,0,0,0,1,0,0,0,0,9,8,3,2,-1,-1,-1,-1,-1,-1,-1,\N,\N,\N,\N,\N,\N,\N,\N,\N,\N,\N,\N,\N,\N,\N,\N,\N
20160108,3247104369,64383162,0,18278345,351542,0,2,3,11,2,0,0,0,0,0,0,0,0,89,8,2,18,40512,40510,40505,405,4,0,0,0,0,0,0,0,0,0,0,0,0,0,0,0,0,0,0,0,0,0,0,0,-1,-1,-1,-1,-1,-1,-1,\N,\N,\N,\N,\N,\N,\N,\N,\N,\N,\N,\N,\N,\N,\N,\N,\N
20160108,3246924513,64253253,1,18000769,999867,0,0,4,0,1,0,0,0,0,0,0,0,0,32,4,1,12,40517,405,4,0,0,0,0,0,0,0,0,0,0,1,19,5,0,0,0,0,0,0,0,0,9,0,2,2,0,0,4,0,0,0,0,1,1,2,3,4,5,6,7,8,9,10,11,12,13,14,15,16
20160108,33733757,63981769,0,17547003,27789,0,2,4,6,2,4,0,0,0,0,0,0,0,198,2,1,13,40512,405,4,0,0,0,183,82,0,0,0,0,2,5,0,2,0,0,0,0,0,0,0,0,9,8,2,1,-1,-1,-1,-1,-1,-1,-1,\N,\N,\N,\N,\N,\N,\N,\N,\N,\N,\N,\N,\N,\N,\N,\N,\N
20160108,3245449397,63877274,0,17297622,1190648,1,2,2,19,2,0,0,0,0,0,0,0,0,0,0,3,6,40515,405,4,0,0,0,0,0,0,0,0,0,2,2,0,2,0,0,0,0,0,0,0,0,3,8,1,1,-1,-1,-1,-1,-1,-1,-1,\N,\N,\N,\N,\N,\N,\N,\N,\N,\N,\N,\N,\N,\N,\N,\N,\N
20160108,3243828147,64250350,0,17988777,87814,0,2,3,25,1,0,0,0,0,0,0,0,0,47,3,1,20,801,902,803,8,9,0,0,0,0,0,0,0,0,0,0,0,0,0,0,0,0,0,0,0,0,0,0,0,3,3,3,3,0,0,0,\N,\N,\N,\N,\N,\N,\N,\N,\N,\N,\N,\N,\N,\N,\N,\N,\N
20160108,3243336363,64230779,0,17908782,539764,0,2,3,23,2,0,0,0,0,0,0,0,0,83,20,1,14,0,0,0,0,0,0,0,0,0,0,0,0,2,2,0,2,0,0,0,0,0,0,0,0,0,8,1,1,0,0,1,0,0,0,0,\N,\N,\N,\N,\N,\N,\N,\N,\N,\N,\N,\N,\N,\N,\N,\N,\N
20160108,3242452267,64040675,0,17656657,539764,0,2,3,23,5,0,0,0,0,0,0,0,0,151,20,1,4,0,0,0,0,0,0,0,0,0,0,0,0,2,3,0,5,0,0,0,0,0,0,0,0,0,8,1,0,7,7,8,7,0,0,0,\N,\N,\N,\N,\N,\N,\N,\N,\N,\N,\N,\N,\N,\N,\N,\N,\N
20160108,3242107964,64072357,1,17696192,23670,0,1,5,27,3,0,0,0,0,0,0,0,0,35,3,2,13,40505,405,4,0,0,0,0,0,0,0,0,0,1,7,19,1,0,0,0,0,0,0,0,0,3,0,2,2,0,0,0,0,0,0,0,\N,\N,\N,\N,\N,\N,\N,\N,\N,\N,\N,\N,\N,\N,\N,\N,\N
20160108,34396276,63869252,0,17283812,672458,1,2,6,28,2,3,1,0,1,0,0,0,0,141,9,1,5,0,0,0,0,0,0,0,0,0,0,0,0,2,6,19,2,0,0,0,1,0,0,0,1,9,8,1,1,0,0,0,0,0,0,0,\N,\N,\N,\N,\N,\N,\N,\N,\N,\N,\N,\N,\N,\N,\N,\N,\N
20160108,35497852,63834484,0,17189388,1135021,0,1,6,9,5,3,0,0,0,0,0,0,0,106,12,1,6,40512,40403,405,404,4,0,39,22,19,137,0,0,1,6,19,2,0,0,0,0,0,0,0,0,9,8,2,1,1436,1436,28,1426,0,0,0,4,1,2,3,4,5,6,7,8,9,10,11,12,13,14,15,16
20160108,36055904,64160710,0,17813665,57744,0,1,4,19,2,5,1,0,0,0,0,0,0,402,30,1,12,1701,17,0,0,0,0,0,0,0,0,0,0,1,4,19,2,0,1,1,0,1,1,1,0,9,8,1,2,0,0,0,0,0,0,0,0,7,4,51,8,10,12,14,16,18,20,22,24,26,28,30,32
20160108,36371310,63834484,0,17189388,1135021,0,1,5,17,3,0,1,1,0,0,1,0,0,263,20,1,10,40406,404,301,4,3,0,27,0,0,0,0,0,1,6,19,2,0,0,0,0,0,0,0,0,9,8,2,1,0,0,0,0,0,0,0,\N,\N,\N,\N,\N,\N,\N,\N,\N,\N,\N,\N,\N,\N,\N,\N,\N
20160108,3236553512,64369169,0,18251518,400486,0,2,3,27,2,0,0,0,0,0,0,0,0,21,2,1,1,40520,40505,40511,405,404,4,0,0,0,0,0,0,0,0,0,0,0,0,0,0,0,0,0,0,0,0,0,0,-1,-1,-1,-1,-1,-1,-1,\N,\N,\N,\N,\N,\N,\N,\N,\N,\N,\N,\N,\N,\N,\N,\N,\N
20160108,3278832245,64314908,0,18157415,1226424,1,0,0,0,2,0,0,0,0,0,0,0,0,0,0,1,18,40513,405,4,0,0,0,0,0,0,0,0,0,2,5,19,2,0,0,0,1,0,0,0,0,8,8,2,2,-1,-1,-1,-1,-1,-1,-1,\N,\N,\N,\N,\N,\N,\N,\N,\N,\N,\N,\N,\N,\N,\N,\N,\N
20160108,3279766583,63489194,0,16313672,363643,1,2,4,18,2,0,0,0,0,0,0,0,0,1,0,3,3,0,0,0,0,0,0,0,0,0,0,0,0,2,6,18,2,0,0,0,1,0,0,0,0,8,1,2,1,-1,-1,-1,-1,-1,-1,-1,\N,\N,\N,\N,\N,\N,\N,\N,\N,\N,\N,\N,\N,\N,\N,\N,\N
20160108,3233751740,63642454,0,16736121,263794,0,2,3,6,5,0,0,0,0,0,0,0,0,42,3,1,11,0,0,0,0,0,0,0,0,0,0,0,0,2,4,0,5,0,0,1,0,0,0,0,0,9,8,2,3,2,1,7,0,0,0,0,7,1,2,3,4,5,6,7,8,9,10,11,12,13,14,15,16
20160108,3232835400,63294073,1,15712387,24439,0,2,4,3,2,0,0,0,0,0,0,0,0,53,1,1,15,40505,805,405,8,4,0,0,0,0,0,0,0,2,5,19,2,0,0,0,0,0,0,0,0,8,0,3,1,0,0,0,0,0,0,0,\N,\N,\N,\N,\N,\N,\N,\N,\N,\N,\N,\N,\N,\N,\N,\N,\N
20160108,36635761,63854918,0,17242093,42610,0,1,6,19,2,3,1,0,0,0,0,0,0,676,34,1,7,0,0,0,0,0,0,0,0,0,0,0,0,1,5,0,2,0,1,0,0,0,0,0,0,9,8,1,1,424,300,2,114,3,3,1,0,1,4,3,4,5,6,7,8,9,10,11,12,13,14,15,16
20160108,3171286729,63915467,0,17376933,966154,0,1,2,1,3,0,0,0,0,0,0,0,0,41,8,1,22,0,0,0,0,0,0,99,0,0,0,0,0,0,0,0,0,0,0,0,0,0,0,0,0,0,0,0,0,5,5,21,0,0,0,0,26,1,2,3,4,5,6,7,8,9,10,11,12,13,14,15,16
20160108,2516397997,64204618,0,17871661,1711957027,0,2,4,20,2,4,0,0,0,0,0,0,0,283,24,1,32,40505,40501,405,4,0,0,187,10,0,0,0,0,2,4,19,2,0,0,0,0,0,0,0,0,8,8,2,1,14,14,41,9,0,0,0,14,1,2,3,4,5,6,7,8,9,10,11,12,13,14,15,16
20160108,3231442415,64231516,0,17910126,539764,0,2,3,21,2,0,0,0,0,0,0,0,0,168,3,1,20,0,0,0,0,0,0,0,0,0,0,0,0,2,2,19,2,0,0,0,0,0,0,0,0,8,8,2,1,18,18,26,18,0,0,0,15,1,2,3,4,5,6,7,8,9,10,11,12,13,14,15,16
20160108,3169500046,64326228,0,18189393,469002,0,2,2,20,2,0,0,0,0,0,0,0,0,142,16,1,15,40512,405,4,0,0,0,0,0,0,0,0,0,2,3,19,2,0,0,0,0,0,0,0,0,9,8,2,3,0,0,9,0,0,0,0,7,1,2,3,4,5,6,7,8,9,10,11,12,13,14,15,16
20160108,3168991441,63797047,1,17075269,24439,0,0,5,25,3,0,0,0,0,0,0,0,0,31,6,1,3,801,8,0,0,0,0,0,0,0,0,0,0,2,5,19,2,0,0,0,0,0,0,0,0,3,0,1,1,11,1,55,11,0,0,0,6,1,2,3,4,5,6,7,8,9,10,11,12,13,14,15,16
20160108,3231098481,64178145,1,17836938,2242823487,1,0,1,0,2,0,0,0,0,0,0,0,0,0,0,1,3,0,0,0,0,0,0,0,0,0,0,0,0,2,5,18,2,0,0,0,0,0,0,0,0,8,0,1,1,-1,-1,-1,-1,-1,-1,-1,\N,\N,\N,\N,\N,\N,\N,\N,\N,\N,\N,\N,\N,\N,\N,\N,\N
