4,0,	0,66,66
4,1,	34,0,34
5,12800934,	0,1,1
5,13047037,	0,1,1
5,14286994,	0,1,1
5,15046790,	0,2,2
5,15616305,	0,1,1
5,15867163,	0,1,1
5,15934704,	1,1,2
5,16313672,	0,1,1
5,16369205,	0,1,1
5,16736121,	0,1,1
5,16798457,	0,1,1
5,16804310,	0,1,1
5,16992227,	0,1,1
5,17189388,	1,2,3
5,17242093,	0,1,1
5,17283812,	0,1,1
5,17297622,	0,1,1
5,17352709,	0,1,1
5,17376933,	0,1,1
5,17418875,	0,1,1
5,17547003,	0,1,1
5,17556259,	0,1,1
5,17558855,	0,1,1
5,17612868,	0,1,1
5,17647546,	0,1,1
5,17656657,	0,1,1
5,17806474,	0,1,1
5,17813665,	0,2,2
5,17815893,	1,0,1
5,17817113,	0,1,1
5,17837390,	0,1,1
5,17871661,	0,1,1
5,17908782,	0,1,1
5,17910126,	0,1,1
5,17917634,	0,1,1
5,17929290,	0,1,1
5,17980852,	0,1,1
5,17988777,	0,1,1
5,18000773,	0,1,1
5,18109752,	0,1,1
5,18137509,	0,2,2
5,18151286,	0,1,1
5,18153116,	0,1,1
5,18157415,	0,1,1
5,18157433,	0,1,1
5,18159074,	0,1,1
5,18187162,	1,0,1
5,18189393,	0,1,1
5,18192713,	0,1,1
5,18195088,	0,1,1
5,18198910,	0,2,2
5,18203643,	0,1,1
5,18207149,	0,1,1
5,18230656,	0,1,1
5,18244853,	0,1,1
5,18251518,	0,1,1
5,18257540,	0,1,1
5,18278345,	0,1,1
5,18307777,	0,1,1
6,1009799,	0,1,1
6,1095295,	0,1,1
6,1125721,	0,2,2
6,1135021,	2,2,4
6,1139924,	0,1,1
6,1146751,	1,1,2
6,1190648,	0,1,1
6,1226424,	0,2,2
6,157879,	0,1,1
6,159625,	0,1,1
6,1711957027,	0,1,1
6,2242823487,	1,0,1
6,23670,	3,0,3
6,263794,	0,1,1
6,27789,	0,1,1
6,30110,	0,1,1
6,314820,	0,2,2
6,33786,	0,1,1
6,351542,	0,1,1
6,358518,	0,1,1
6,363643,	0,2,2
6,376136,	0,1,1
6,384289,	1,0,1
6,400486,	0,1,1
6,405491,	0,1,1
6,406965,	0,1,1
6,42610,	0,1,1
6,450156,	1,0,1
6,468428,	1,0,1
6,469002,	0,1,1
6,490143,	0,2,2
6,50259,	0,1,1
6,539764,	2,3,5
6,57744,	0,2,2
6,672458,	0,3,3
6,715368,	0,1,1
6,737617,	0,1,1
6,766704,	0,2,2
6,871418,	2,0,2
6,87814,	0,1,1
6,88651,	0,1,1
6,966154,	0,2,2
6,999867,	1,0,1
7,0,	26,24,50
7,1,	7,7,14
7,2,	0,2,2
8,1,	14,16,30
8,2,	14,17,31
9,0,	0,2,2
9,1,	4,0,4
9,2,	0,5,5
9,3,	9,7,16
9,4,	7,10,17
9,5,	9,2,11
9,6,	3,5,8
9,7,	1,1,2
9,8,	1,0,1
10,0,	2,0,2
10,1,	1,1,2
10,10,	1,0,1
10,11,	1,1,2
10,12,	0,1,1
10,13,	0,1,1
10,16,	0,3,3
10,17,	2,1,3
10,18,	2,6,8
10,19,	2,8,10
10,20,	2,6,8
10,21,	1,0,1
10,23,	0,3,3
10,24,	1,0,1
10,25,	2,0,2
10,28,	0,3,3
10,3,	3,1,4
10,5,	1,0,1
10,6,	4,0,4
10,7,	0,1,1
10,8,	2,0,2
10,9,	1,0,1
11,1,	1,1,2
11,2,	19,20,39
11,3,	5,0,5
11,4,	0,5,5
11,5,	9,6,15
12,0,	26,21,47
12,2,	1,3,4
12,3,	1,7,8
12,4,	1,3,4
13,0,	29,19,48
13,1,	5,13,18
14,0,	32,24,56
14,1,	2,8,10
15,0,	33,31,64
15,1,	1,1,2
16,0,	34,29,63
16,1,	0,3,3
17,0,	34,31,65
17,1,	0,1,1
18,0,	33,31,64
18,1,	1,1,2
19,0,	34,30,64
19,1,	0,2,2
20,0,	2,2,4
20,100,	0,1,1
20,106,	0,1,1
20,12,	0,2,2
20,133,	0,1,1
20,14,	0,2,2
20,141,	1,0,1
20,142,	0,2,2
20,151,	0,1,1
20,157,	0,1,1
20,168,	0,1,1
20,175,	0,1,1
20,182,	0,1,1
20,187,	0,1,1
20,198,	0,1,1
20,200,	0,1,1
20,21,	0,1,1
20,22,	1,0,1
20,222,	0,1,1
20,24,	0,1,1
20,245,	0,1,1
20,248,	0,1,1
20,263,	0,1,1
20,28,	0,1,1
20,282,	0,1,1
20,283,	0,1,1
20,29,	0,2,2
20,297,	0,1,1
20,32,	1,0,1
20,33,	0,1,1
20,34,	0,1,1
20,360,	0,1,1
20,402,	0,1,1
20,41,	0,1,1
20,42,	0,1,1
20,446,	0,1,1
20,45,	0,1,1
20,47,	0,1,1
20,5,	0,1,1
20,52,	0,1,1
20,55,	0,1,1
20,6,	0,1,1
20,60,	1,0,1
20,601,	0,1,1
20,64,	0,1,1
20,644,	0,1,1
20,676,	0,1,1
20,71,	0,1,1
20,73,	0,1,1
20,76,	0,1,1
20,77,	0,1,1
20,8,	0,2,2
20,80,	1,0,1
20,83,	0,1,1
20,89,	0,1,1
20,90,	0,1,1
20,94,	0,1,1
21,0,	6,4,10
21,1,	6,2,8
21,11,	0,2,2
21,12,	0,1,1
21,13,	2,0,2
21,16,	2,1,3
21,17,	0,2,2
21,18,	1,0,1
21,2,	2,5,7
21,20,	0,3,3
21,24,	1,1,2
21,27,	0,1,1
21,28,	0,1,1
21,3,	3,2,5
21,30,	0,1,1
21,34,	0,1,1
21,35,	0,1,1
21,5,	1,0,1
21,54,	0,1,1
21,6,	2,3,5
21,8,	0,3,3
21,9,	1,2,3
22,1,	22,34,56
22,3,	2,3,5
23,1,	0,8,8
23,10,	1,3,4
23,11,	0,3,3
23,12,	2,1,3
23,13,	1,2,3
23,14,	0,3,3
23,15,	1,2,3
23,17,	2,1,3
23,18,	0,2,2
23,20,	0,3,3
23,21,	0,2,2
23,22,	1,1,2
23,24,	0,1,1
23,25,	2,1,3
23,30,	0,1,1
23,32,	0,1,1
23,4,	2,1,3
23,5,	2,1,3
23,8,	2,1,3
23,9,	2,0,2
24,0,	7,19,26
24,1002,	0,1,1
24,101,	0,1,1
24,1204,	0,2,2
24,1701,	0,1,1
24,301,	0,2,2
24,302,	0,1,1
24,3502,	1,0,1
24,40405,	0,1,1
24,40503,	0,1,1
24,40512,	2,7,9
24,40513,	0,1,1
24,40515,	2,0,2
24,40516,	2,0,2
24,40517,	1,2,3
24,40520,	0,1,1
24,40521,	0,1,1
24,605,	0,1,1
24,801,	2,0,2
25,0,	8,18,26
25,1,	1,0,1
25,10,	0,1,1
25,12,	0,2,2
25,17,	1,0,1
25,1702,	0,2,2
25,1703,	0,1,1
25,2601,	0,1,1
25,3,	0,2,2
25,35,	0,1,1
25,40403,	0,1,1
25,40405,	0,1,1
25,40406,	0,1,1
25,405,	5,8,13
25,40501,	1,0,1
25,40503,	0,1,1
25,40505,	0,2,2
25,40506,	1,0,1
25,40510,	0,1,1
25,6,	0,1,1
25,805,	1,0,1
25,902,	0,2,2
26,0,	10,24,34
26,10,	1,0,1
26,3,	0,1,1
26,301,	0,1,1
26,4,	7,7,14
26,404,	1,0,1
26,40403,	0,1,1
26,405,	5,1,6
26,40511,	0,1,1
26,40515,	0,1,1
26,40517,	0,1,1
26,803,	0,1,1
26,804,	1,0,1
26,805,	1,0,1
27,0,	19,30,49
27,17,	0,3,3
27,404,	1,1,2
27,40403,	0,1,1
27,405,	2,1,3
27,40510,	0,1,1
27,8,	2,0,2
27,801,	0,1,1
27,9,	0,1,1
28,0,	21,32,53
28,3,	0,1,1
28,4,	4,2,6
28,404,	0,1,1
28,405,	1,1,2
28,40512,	0,1,1
28,9,	0,1,1
28,906,	0,1,1
29,0,	25,36,61
29,26,	0,1,1
29,404,	0,1,1
29,405,	0,1,1
30,0,	27,24,51
30,106,	0,1,1
30,129,	0,1,1
30,183,	0,1,1
30,187,	0,1,1
30,27,	0,1,1
30,39,	0,1,1
30,54,	0,1,1
30,6,	0,2,2
30,67,	1,1,2
30,79,	1,0,1
30,92,	0,1,1
30,99,	0,2,2
31,0,	29,26,55
31,10,	0,1,1
31,119,	0,1,1
31,125,	0,1,1
31,154,	1,0,1
31,181,	0,1,1
31,22,	0,1,1
31,24,	0,1,1
31,68,	0,1,1
31,75,	0,1,1
31,82,	0,1,1
31,95,	0,1,1
32,0,	30,27,57
32,101,	0,1,1
32,154,	0,1,1
32,168,	0,1,1
32,179,	0,1,1
32,19,	0,1,1
32,197,	1,0,1
32,40,	0,1,1
32,5,	0,1,1
32,74,	0,1,1
33,0,	30,28,58
33,100,	0,1,1
33,137,	0,1,1
33,166,	0,1,1
33,27,	0,2,2
33,41,	0,1,1
33,5,	0,1,1
33,67,	0,1,1
34,0,	30,29,59
34,27,	0,1,1
34,28,	0,1,1
34,30,	0,1,1
34,46,	0,1,1
34,5,	0,1,1
34,87,	0,1,1
34,89,	0,1,1
35,0,	34,32,66
36,0,	3,11,14
36,1,	15,13,28
36,2,	16,8,24
37,0,	2,9,11
37,1,	1,1,2
37,2,	1,5,6
37,4,	2,10,12
37,6,	6,3,9
37,7,	1,2,3
37,8,	1,5,6
38,0,	10,18,28
38,18,	1,0,1
38,19,	21,12,33
38,3,	1,0,1
38,8,	1,2,3
39,0,	2,9,11
39,1,	1,1,2
39,2,	20,22,42
39,3,	2,1,3
40,0,	34,32,66
41,0,	32,24,56
41,1,	2,8,10
42,0,	34,25,59
42,1,	0,7,7
43,0,	25,34,59
44,0,	33,31,64
44,1,	1,1,2
45,0,	34,27,61
45,1,	0,5,5
46,0,	33,28,61
46,1,	1,4,5
47,0,	34,28,62
47,1,	0,4,4
48,0,	3,13,16
48,10,	1,1,2
48,8,	12,7,19
48,9,	14,13,27
49,0,	16,11,27
49,1,	1,0,1
49,8,	17,21,38
50,0,	2,9,11
50,1,	12,16,28
50,2,	14,8,22
51,0,	2,10,12
51,1,	21,12,33
51,2,	9,1,10
51,3,	2,9,11
52,-1,	14,8,22
52,0,	11,12,23
52,1,	0,1,1
52,109,	0,1,1
52,1259,	0,1,1
52,14,	0,1,1
52,1436,	0,1,1
52,15,	0,1,1
52,173,	0,1,1
52,18,	0,2,2
52,196,	0,1,1
52,2,	0,3,3
52,3,	0,2,2
52,37,	0,1,1
52,424,	0,1,1
52,5,	0,2,2
52,538,	0,1,1
52,7,	0,1,1
53,-1,	14,8,22
53,0,	11,13,24
53,1,	1,1,2
53,14,	0,1,1
53,1436,	0,1,1
53,17,	0,1,1
53,173,	0,1,1
53,18,	0,2,2
53,2,	0,3,3
53,3,	0,2,2
53,30,	0,1,1
53,300,	0,1,1
53,331,	0,1,1
53,43,	0,1,1
53,5,	0,2,2
53,7,	0,1,1
54,-1,	14,8,22
54,0,	4,12,16
54,1,	2,2,4
54,10,	0,1,1
54,112,	0,1,1
54,173,	0,1,1
54,19,	0,1,1
54,2,	0,4,4
54,20,	0,1,1
54,21,	1,0,1
54,26,	1,0,1
54,28,	0,1,1
54,3,	0,3,3
54,38,	0,1,1
54,4,	1,0,1
54,41,	0,1,1
54,6,	1,0,1
54,7,	1,0,1
54,8,	0,1,1
54,81,	0,1,1
54,89,	0,1,1
54,9,	1,0,1
55,-1,	14,8,22
55,0,	12,16,28
55,1,	0,3,3
55,100,	0,1,1
55,1055,	0,1,1
55,114,	0,1,1
55,1426,	0,1,1
55,15,	0,1,1
55,16,	0,1,1
55,18,	0,1,1
55,196,	0,1,1
55,3,	0,1,1
55,435,	0,1,1
55,5,	1,0,1
55,7,	0,1,1
55,9,	0,1,1
56,-1,	14,8,22
56,0,	19,24,43
56,3,	1,0,1
57,-1,	14,8,22
57,0,	19,24,43
57,3,	0,1,1
58,-1,	14,8,22
58,0,	20,23,43
58,1,	0,1,1
59,-1,	19,25,44
59,0,	3,3,6
59,1,	2,1,3
59,13,	0,1,1
59,14,	0,1,1
59,15,	0,1,1
59,173,	0,1,1
59,2,	1,0,1
59,26,	0,2,2
59,3,	0,1,1
59,36,	0,1,1
59,4,	0,1,1
59,7,	1,1,2
59,90,	0,1,1
60,-1,	19,25,44
60,1,	11,5,16
60,10,	0,1,1
60,2,	1,0,1
60,3,	0,1,1
60,48,	0,1,1
60,7,	1,0,1
60,9,	0,1,1
61,-1,	19,25,44
61,12,	0,2,2
61,2,	11,3,14
61,22,	0,1,1
61,4,	0,3,3
61,7,	1,0,1
61,9,	0,1,1
62,-1,	19,25,44
62,17,	0,1,1
62,25,	0,1,1
62,3,	11,5,16
62,33,	0,1,1
62,51,	0,1,1
62,6,	1,0,1
62,9,	1,0,1
63,-1,	19,25,44
63,12,	1,0,1
63,36,	0,1,1
63,4,	11,5,16
63,8,	1,2,3
64,-1,	19,25,44
64,10,	1,2,3
64,11,	0,1,1
64,45,	0,1,1
64,5,	11,5,16
65,-1,	19,25,44
65,12,	1,2,3
65,18,	1,0,1
65,24,	1,0,1
65,55,	0,1,1
65,6,	11,5,16
66,-1,	19,25,44
66,14,	1,2,3
66,21,	1,0,1
66,27,	0,1,1
66,67,	0,1,1
66,7,	11,5,16
67,-1,	19,25,44
67,16,	1,2,3
67,24,	1,0,1
67,72,	0,1,1
67,8,	11,5,16
68,-1,	19,25,44
68,18,	1,2,3
68,27,	1,0,1
68,81,	0,1,1
68,9,	11,5,16
69,-1,	19,25,44
69,10,	11,5,16
69,20,	1,2,3
69,30,	1,0,1
69,40,	1,0,1
69,90,	0,1,1
70,-1,	19,25,44
70,11,	11,5,16
70,22,	1,2,3
70,33,	1,0,1
70,91,	0,1,1
71,-1,	19,25,44
71,12,	11,5,16
71,24,	1,2,3
71,36,	1,0,1
71,97,	0,1,1
72,-1,	19,25,44
72,105,	0,1,1
72,13,	11,5,16
72,26,	1,2,3
72,39,	1,0,1
73,-1,	19,25,44
73,126,	0,1,1
73,14,	11,5,16
73,28,	1,2,3
73,42,	1,0,1
74,-1,	19,25,44
74,135,	0,1,1
74,15,	11,5,16
74,30,	1,2,3
74,45,	1,0,1
75,-1,	19,25,44
75,144,	0,1,1
75,16,	11,5,16
75,32,	1,2,3
75,48,	1,0,1
