5,12800934,0,1,1,13047037,0,1,1,14286994,0,1,1,15046790,0,2,2,15616305,0,1,1,15867163,0,1,1,15934704,1,1,2,16313672,0,1,1,16369205,0,1,1,16736121,0,1,1,16798457,0,1,1,16804310,0,1,1,16992227,0,1,1,17189388,1,2,3,17242093,0,1,1,17283812,0,1,1,17297622,0,1,1,17352709,0,1,1,17376933,0,1,1,17418875,0,1,1,17547003,0,1,1,17556259,0,1,1,17558855,0,1,1,17612868,0,1,1,17647546,0,1,1,17656657,0,1,1,17806474,0,1,1,17813665,0,2,2,17815893,1,0,1,17817113,0,1,1,17837390,0,1,1,17871661,0,1,1,17908782,0,1,1,17910126,0,1,1,17917634,0,1,1,17929290,0,1,1,17980852,0,1,1,17988777,0,1,1,18000773,0,1,1,18109752,0,1,1,18137509,0,2,2,18151286,0,1,1,18153116,0,1,1,18157415,0,1,1,18157433,0,1,1,18159074,0,1,1,18187162,1,0,1,18189393,0,1,1,18192713,0,1,1,18195088,0,1,1,18198910,0,2,2,18203643,0,1,1,18207149,0,1,1,18230656,0,1,1,18244853,0,1,1,18251518,0,1,1,18257540,0,1,1,18278345,0,1,1,18307777,0,1,1,66
6,1009799,0,1,1,1095295,0,1,1,1125721,0,2,2,1135021,2,2,4,1139924,0,1,1,1146751,1,1,2,1190648,0,1,1,1226424,0,2,2,157879,0,1,1,159625,0,1,1,1711957027,0,1,1,2242823487,1,0,1,23670,3,0,3,263794,0,1,1,27789,0,1,1,30110,0,1,1,314820,0,2,2,33786,0,1,1,351542,0,1,1,358518,0,1,1,363643,0,2,2,376136,0,1,1,384289,1,0,1,400486,0,1,1,405491,0,1,1,406965,0,1,1,42610,0,1,1,450156,1,0,1,468428,1,0,1,469002,0,1,1,490143,0,2,2,50259,0,1,1,539764,2,3,5,57744,0,2,2,672458,0,3,3,715368,0,1,1,737617,0,1,1,766704,0,2,2,871418,2,0,2,87814,0,1,1,88651,0,1,1,966154,0,2,2,999867,1,0,1,64
7,0.0,26,24,50,1.0,7,7,14,2.0,0,2,2,66
8,1,14,16,30,2,14,17,31,61
9,0,0,2,2,1,4,0,4,2,0,5,5,3,9,7,16,4,7,10,17,5,9,2,11,6,3,5,8,7,1,1,2,8,1,0,1,66
10,0,2,0,2,1,1,1,2,10,1,0,1,11,1,1,2,12,0,1,1,13,0,1,1,16,0,3,3,17,2,1,3,18,2,6,8,19,2,8,10,20,2,6,8,21,1,0,1,23,0,3,3,24,1,0,1,25,2,0,2,28,0,3,3,3,3,1,4,5,1,0,1,6,4,0,4,7,0,1,1,8,2,0,2,9,1,0,1,64
11,1,1,1,2,2,19,20,39,3,5,0,5,4,0,5,5,5,9,6,15,66
12,0,26,21,47,2,1,3,4,3,1,7,8,4,1,3,4,63
13,0,29,19,48,1,5,13,18,66
14,0,32,24,56,1,2,8,10,66
15,0,33,31,64,1,1,1,2,66
16,0,34,29,63,1,0,3,3,66
17,0,34,31,65,1,0,1,1,66
18,0,33,31,64,1,1,1,2,66
19,0,34,30,64,1,0,2,2,66
20,0,2,2,4,100,0,1,1,106,0,1,1,12,0,2,2,133,0,1,1,14,0,2,2,141,1,0,1,142,0,2,2,151,0,1,1,157,0,1,1,168,0,1,1,175,0,1,1,182,0,1,1,187,0,1,1,198,0,1,1,200,0,1,1,21,0,1,1,22,1,0,1,222,0,1,1,24,0,1,1,245,0,1,1,248,0,1,1,263,0,1,1,28,0,1,1,282,0,1,1,283,0,1,1,29,0,2,2,297,0,1,1,32,1,0,1,33,0,1,1,34,0,1,1,360,0,1,1,402,0,1,1,41,0,1,1,42,0,1,1,446,0,1,1,45,0,1,1,47,0,1,1,5,0,1,1,52,0,1,1,55,0,1,1,6,0,1,1,60,1,0,1,601,0,1,1,64,0,1,1,644,0,1,1,676,0,1,1,71,0,1,1,73,0,1,1,76,0,1,1,77,0,1,1,8,0,2,2,80,1,0,1,83,0,1,1,89,0,1,1,90,0,1,1,94,0,1,1,65
21,0.0,6,4,10,1.0,6,2,8,2.0,2,5,7,3.0,3,2,5,5.0,1,0,1,6.0,2,3,5,8.0,0,3,3,9.0,1,2,3,11.0,0,2,2,12.0,0,1,1,13.0,2,0,2,16.0,2,1,3,17.0,0,2,2,18.0,1,0,1,20.0,0,3,3,24.0,1,1,2,27.0,0,1,1,28.0,0,1,1,30.0,0,1,1,34.0,0,1,1,35.0,0,1,1,54.0,0,1,1,64
22,1.0,22,34,56,3.0,2,3,5,61
23,1.0,0,8,8,4.0,2,1,3,5.0,2,1,3,8.0,2,1,3,9.0,2,0,2,10.0,1,3,4,11.0,0,3,3,12.0,2,1,3,13.0,1,2,3,14.0,0,3,3,15.0,1,2,3,17.0,2,1,3,18.0,0,2,2,20.0,0,3,3,21.0,0,2,2,22.0,1,1,2,24.0,0,1,1,25.0,2,1,3,30.0,0,1,1,32.0,0,1,1,56
24,0,7,19,26,1002,0,1,1,101,0,1,1,1204,0,2,2,1701,0,1,1,301,0,2,2,302,0,1,1,3502,1,0,1,40405,0,1,1,40503,0,1,1,40512,2,7,9,40513,0,1,1,40515,2,0,2,40516,2,0,2,40517,1,2,3,40520,0,1,1,40521,0,1,1,605,0,1,1,801,2,0,2,59
25,0,8,18,26,1,1,0,1,10,0,1,1,12,0,2,2,17,1,0,1,1702,0,2,2,1703,0,1,1,2601,0,1,1,3,0,2,2,35,0,1,1,40403,0,1,1,40405,0,1,1,40406,0,1,1,405,5,8,13,40501,1,0,1,40503,0,1,1,40505,0,2,2,40506,1,0,1,40510,0,1,1,6,0,1,1,805,1,0,1,902,0,2,2,64
26,0,10,24,34,10,1,0,1,3,0,1,1,301,0,1,1,4,7,7,14,404,1,0,1,40403,0,1,1,405,5,1,6,40511,0,1,1,40515,0,1,1,40517,0,1,1,803,0,1,1,804,1,0,1,805,1,0,1,65
27,0,19,30,49,17,0,3,3,404,1,1,2,40403,0,1,1,405,2,1,3,40510,0,1,1,8,2,0,2,801,0,1,1,9,0,1,1,63
28,0,21,32,53,3,0,1,1,4,4,2,6,404,0,1,1,405,1,1,2,40512,0,1,1,9,0,1,1,906,0,1,1,66
29,0,25,36,61,26,0,1,1,404,0,1,1,405,0,1,1,64
30,0,27,24,51,106,0,1,1,129,0,1,1,183,0,1,1,187,0,1,1,27,0,1,1,39,0,1,1,54,0,1,1,6,0,2,2,67,1,1,2,79,1,0,1,92,0,1,1,99,0,2,2,66
31,0,29,26,55,10,0,1,1,119,0,1,1,125,0,1,1,154,1,0,1,181,0,1,1,22,0,1,1,24,0,1,1,68,0,1,1,75,0,1,1,82,0,1,1,95,0,1,1,66
32,0,30,27,57,101,0,1,1,154,0,1,1,168,0,1,1,179,0,1,1,19,0,1,1,197,1,0,1,40,0,1,1,5,0,1,1,74,0,1,1,66
33,0,30,28,58,100,0,1,1,137,0,1,1,166,0,1,1,27,0,2,2,41,0,1,1,5,0,1,1,67,0,1,1,66
34,0,30,29,59,27,0,1,1,28,0,1,1,30,0,1,1,46,0,1,1,5,0,1,1,87,0,1,1,89,0,1,1,66
35,0,34,32,66,66
36,0,3,11,14,1,15,13,28,2,16,8,24,66
37,0.0,2,9,11,1.0,1,1,2,2.0,1,5,6,4.0,2,10,12,6.0,6,3,9,7.0,1,2,3,8.0,1,5,6,49
38,0,10,18,28,18,1,0,1,19,21,12,33,3,1,0,1,8,1,2,3,66
39,0,2,9,11,1,1,1,2,2,20,22,42,3,2,1,3,58
40,0,34,32,66,66
41,0,32,24,56,1,2,8,10,66
42,0,34,25,59,1,0,7,7,66
43,0,25,34,59,59
44,0,33,31,64,1,1,1,2,66
45,0,34,27,61,1,0,5,5,66
46,0,33,28,61,1,1,4,5,66
47,0,34,28,62,1,0,4,4,66
48,0,3,13,16,10,1,1,2,8,12,7,19,9,14,13,27,64
49,0,16,11,27,1,1,0,1,8,17,21,38,66
50,0,2,9,11,1,12,16,28,2,14,8,22,61
51,0,2,10,12,1,21,12,33,2,9,1,10,3,2,9,11,66
52,-1.0,14,8,22,0.0,11,12,23,1.0,0,1,1,2.0,0,3,3,3.0,0,2,2,5.0,0,2,2,7.0,0,1,1,14.0,0,1,1,15.0,0,1,1,18.0,0,2,2,37.0,0,1,1,109.0,0,1,1,173.0,0,1,1,196.0,0,1,1,424.0,0,1,1,538.0,0,1,1,1259.0,0,1,1,1436.0,0,1,1,66
53,-1.0,14,8,22,0.0,11,13,24,1.0,1,1,2,2.0,0,3,3,3.0,0,2,2,5.0,0,2,2,7.0,0,1,1,14.0,0,1,1,17.0,0,1,1,18.0,0,2,2,30.0,0,1,1,43.0,0,1,1,173.0,0,1,1,300.0,0,1,1,331.0,0,1,1,1436.0,0,1,1,66
54,-1.0,14,8,22,0.0,4,12,16,1.0,2,2,4,2.0,0,4,4,3.0,0,3,3,4.0,1,0,1,6.0,1,0,1,7.0,1,0,1,8.0,0,1,1,9.0,1,0,1,10.0,0,1,1,19.0,0,1,1,20.0,0,1,1,21.0,1,0,1,26.0,1,0,1,28.0,0,1,1,38.0,0,1,1,41.0,0,1,1,81.0,0,1,1,89.0,0,1,1,112.0,0,1,1,173.0,0,1,1,66
55,-1.0,14,8,22,0.0,12,16,28,1.0,0,3,3,3.0,0,1,1,5.0,1,0,1,7.0,0,1,1,9.0,0,1,1,15.0,0,1,1,16.0,0,1,1,18.0,0,1,1,100.0,0,1,1,114.0,0,1,1,196.0,0,1,1,435.0,0,1,1,1055.0,0,1,1,1426.0,0,1,1,66
56,-1,14,8,22,0,19,24,43,3,1,0,1,66
57,-1,14,8,22,0,19,24,43,3,0,1,1,66
58,-1,14,8,22,0,20,23,43,1,0,1,1,66
59,-1.0,19,25,44,0.0,3,3,6,1.0,2,1,3,2.0,1,0,1,3.0,0,1,1,4.0,0,1,1,7.0,1,1,2,13.0,0,1,1,14.0,0,1,1,15.0,0,1,1,26.0,0,2,2,36.0,0,1,1,90.0,0,1,1,173.0,0,1,1,66
60,-1.0,19,25,44,1.0,11,5,16,2.0,1,0,1,3.0,0,1,1,7.0,1,0,1,9.0,0,1,1,10.0,0,1,1,48.0,0,1,1,66
61,-1.0,19,25,44,2.0,11,3,14,4.0,0,3,3,7.0,1,0,1,9.0,0,1,1,12.0,0,2,2,22.0,0,1,1,66
62,-1.0,19,25,44,3.0,11,5,16,6.0,1,0,1,9.0,1,0,1,17.0,0,1,1,25.0,0,1,1,33.0,0,1,1,51.0,0,1,1,66
63,-1.0,19,25,44,4.0,11,5,16,8.0,1,2,3,12.0,1,0,1,36.0,0,1,1,65
64,-1.0,19,25,44,5.0,11,5,16,10.0,1,2,3,11.0,0,1,1,45.0,0,1,1,65
65,-1.0,19,25,44,6.0,11,5,16,12.0,1,2,3,18.0,1,0,1,24.0,1,0,1,55.0,0,1,1,66
66,-1.0,19,25,44,7.0,11,5,16,14.0,1,2,3,21.0,1,0,1,27.0,0,1,1,67.0,0,1,1,66
67,-1.0,19,25,44,8.0,11,5,16,16.0,1,2,3,24.0,1,0,1,72.0,0,1,1,65
68,-1.0,19,25,44,9.0,11,5,16,18.0,1,2,3,27.0,1,0,1,81.0,0,1,1,65
69,-1.0,19,25,44,10.0,11,5,16,20.0,1,2,3,30.0,1,0,1,40.0,1,0,1,90.0,0,1,1,66
70,-1.0,19,25,44,11.0,11,5,16,22.0,1,2,3,33.0,1,0,1,91.0,0,1,1,65
71,-1.0,19,25,44,12.0,11,5,16,24.0,1,2,3,36.0,1,0,1,97.0,0,1,1,65
72,-1.0,19,25,44,13.0,11,5,16,26.0,1,2,3,39.0,1,0,1,105.0,0,1,1,65
73,-1.0,19,25,44,14.0,11,5,16,28.0,1,2,3,42.0,1,0,1,126.0,0,1,1,65
74,-1.0,19,25,44,15.0,11,5,16,30.0,1,2,3,45.0,1,0,1,135.0,0,1,1,65
75,-1.0,19,25,44,16.0,11,5,16,32.0,1,2,3,48.0,1,0,1,144.0,0,1,1,65
